ans =

  1.3001e-001
  -5.0419e-001
  5.0248e-001
  -7.3572e-001
  1.2575e+000
  -1.9731e-002
  -5.8724e-001
  -7.2188e-001
  -7.8102e-001
  -6.3757e-001
  -7.6356e-002
  -8.5694e-004
  -1.3927e-001
  3.1173e+000
  -9.2196e-001
  3.7664e-001
  -8.5652e-001
  -9.6222e-001
  7.6547e-001
  1.2965e+000
  -2.9405e-001
  -1.4179e-001
  -4.9916e-001
  -4.8672e-002
  2.3774e+000
  -1.1334e+000
  -6.8287e-001
  6.6103e-001
  2.5081e-001
  8.0070e-001
  -2.0345e-001
  -1.2592e+000
  4.9478e-002
  1.4299e+000
  -2.3868e-001
  -7.0930e-001
  -9.5845e-001
  1.6524e-001
  2.7863e+000
  2.0299e-001
  -4.2366e-001
  2.9863e-001
  7.1262e-001
  -1.0075e+000
  -1.4454e+000
  -1.8709e-001
  -1.0037e+000

